Last login: Mon Sep 12 01:36:03 on ttys000
francoisozon@MacBook-Pro-2 ~ % cd Desktop      
francoisozon@MacBook-Pro-2 Desktop % python3 match.py
[6, 21, 9, 27, 10, 20, 36, 34, 37, 7, 14, 30, 8, 35, 28, 11, 25, 39, 31, 40, 15, 3, 2, 24, 29, 19, 38, 17, 1, 26, 33, 22, 5, 12, 4, 13, 23, 18, 32, 16]
[28, 39, 29, 31, 21, 35, 27, 33, 13, 16, 23, 40, 24, 37, 36, 15, 20, 11, 26, 34, 5, 32, 19, 1, 3, 22, 17, 30, 18, 2, 7, 14, 6, 38, 9, 12, 10, 4, 8, 25]
[35, 3, 13, 9, 8, 11, 34, 19, 40, 18, 27, 29, 5, 23, 10, 24, 17, 7, 32, 28, 21, 6, 26, 12, 14, 16, 30, 22, 1, 38, 2, 36, 25, 20, 37, 4, 33, 15, 31, 39]
[26, 2, 17, 32, 12, 19, 38, 36, 31, 9, 30, 7, 34, 3, 8, 6, 15, 39, 1, 18, 11, 5, 33, 40, 10, 21, 25, 4, 22, 14, 37, 20, 13, 35, 28, 24, 27, 16, 23, 29]
[38, 36, 13, 35, 23, 15, 33, 14, 12, 6, 28, 31, 29, 2, 17, 4, 30, 34, 7, 10, 22, 20, 24, 40, 18, 5, 11, 8, 39, 26, 3, 1, 21, 16, 37, 19, 32, 27, 9, 25]
[6, 9, 36, 19, 15, 18, 38, 3, 34, 31, 27, 33, 5, 12, 4, 25, 29, 23, 17, 22, 20, 40, 11, 1, 14, 2, 35, 28, 8, 13, 37, 7, 21, 16, 24, 10, 32, 26, 39, 30]
[2, 21, 33, 18, 40, 29, 17, 37, 31, 9, 4, 39, 16, 22, 13, 8, 35, 24, 1, 15, 11, 25, 14, 5, 28, 26, 19, 6, 3, 7, 10, 30, 38, 27, 32, 23, 12, 20, 34, 36]
[40, 2, 18, 7, 22, 5, 6, 24, 12, 3, 23, 15, 34, 9, 10, 25, 29, 36, 20, 11, 14, 27, 37, 28, 8, 4, 33, 32, 19, 21, 30, 39, 38, 13, 1, 31, 26, 16, 17, 35]
[32, 40, 7, 36, 19, 9, 28, 10, 12, 30, 35, 21, 23, 13, 6, 18, 3, 14, 39, 11, 24, 38, 25, 17, 2, 33, 29, 4, 22, 1, 37, 34, 15, 26, 8, 27, 5, 20, 16, 31]
[40, 5, 33, 32, 34, 14, 15, 4, 23, 13, 12, 35, 20, 39, 18, 37, 27, 26, 7, 31, 10, 30, 17, 21, 22, 11, 19, 16, 25, 24, 8, 3, 9, 2, 28, 36, 1, 6, 29, 38]
[11, 12, 28, 18, 37, 33, 19, 16, 21, 6, 29, 34, 8, 20, 17, 14, 40, 24, 3, 36, 2, 31, 5, 23, 9, 35, 10, 4, 25, 1, 15, 38, 32, 7, 30, 39, 22, 27, 13, 26]
[3, 7, 9, 29, 4, 25, 18, 33, 26, 15, 13, 12, 5, 39, 21, 1, 28, 10, 31, 2, 35, 6, 34, 16, 11, 36, 24, 40, 8, 23, 32, 22, 14, 27, 20, 30, 37, 19, 17, 38]
[40, 10, 1, 18, 5, 16, 37, 38, 34, 12, 3, 8, 22, 17, 15, 6, 14, 29, 9, 4, 35, 11, 19, 28, 30, 20, 36, 21, 7, 33, 32, 31, 27, 25, 2, 39, 26, 24, 23, 13]
[11, 14, 36, 38, 21, 32, 25, 40, 18, 20, 23, 3, 24, 9, 28, 33, 1, 10, 19, 16, 29, 34, 8, 27, 26, 17, 6, 39, 12, 22, 37, 31, 5, 2, 4, 13, 35, 7, 30, 15]
[23, 40, 7, 20, 26, 37, 5, 28, 34, 4, 11, 9, 32, 15, 6, 29, 33, 13, 21, 24, 39, 14, 17, 1, 30, 31, 8, 3, 25, 18, 19, 16, 36, 22, 38, 10, 12, 2, 27, 35]
[12, 10, 37, 31, 35, 40, 2, 26, 28, 20, 19, 34, 16, 30, 1, 38, 27, 11, 6, 8, 5, 23, 7, 3, 18, 13, 29, 32, 14, 33, 21, 39, 15, 17, 22, 25, 4, 24, 36, 9]
[19, 15, 2, 16, 1, 25, 39, 29, 24, 23, 31, 20, 7, 9, 22, 14, 17, 12, 32, 34, 36, 18, 13, 11, 4, 5, 28, 27, 21, 40, 3, 6, 38, 8, 10, 35, 33, 37, 30, 26]
[34, 6, 18, 21, 39, 35, 24, 17, 38, 8, 36, 30, 28, 32, 20, 10, 37, 19, 31, 11, 27, 29, 40, 4, 5, 23, 22, 1, 33, 3, 15, 26, 9, 14, 2, 7, 13, 25, 12, 16]
[12, 28, 17, 32, 37, 20, 13, 2, 30, 25, 29, 19, 6, 35, 22, 26, 5, 16, 39, 15, 31, 40, 33, 27, 1, 21, 8, 10, 14, 18, 38, 23, 36, 11, 24, 4, 3, 9, 7, 34]
[14, 27, 3, 25, 37, 16, 30, 15, 28, 7, 1, 12, 35, 4, 19, 5, 6, 22, 23, 36, 11, 13, 33, 34, 40, 31, 29, 21, 8, 39, 38, 9, 10, 17, 32, 26, 20, 2, 18, 24]
[5, 16, 17, 35, 10, 24, 22, 33, 11, 23, 8, 14, 15, 2, 34, 26, 19, 29, 13, 31, 6, 21, 4, 1, 18, 37, 9, 40, 38, 27, 36, 25, 20, 32, 39, 3, 28, 7, 30, 12]
[22, 17, 9, 29, 25, 16, 23, 19, 13, 14, 18, 32, 37, 4, 5, 28, 15, 36, 6, 33, 21, 8, 3, 35, 11, 12, 40, 24, 10, 39, 34, 7, 30, 38, 20, 1, 31, 2, 27, 26]
[7, 38, 31, 34, 29, 9, 1, 18, 5, 4, 26, 30, 14, 39, 32, 20, 21, 40, 12, 36, 27, 11, 2, 3, 8, 19, 28, 25, 10, 33, 17, 35, 24, 37, 22, 16, 6, 13, 15, 23]
[13, 37, 11, 32, 2, 18, 5, 7, 39, 35, 1, 6, 8, 16, 38, 26, 4, 27, 14, 12, 25, 17, 20, 28, 31, 21, 33, 22, 23, 40, 36, 9, 15, 30, 29, 24, 34, 3, 19, 10]
[3, 15, 19, 17, 37, 30, 14, 4, 39, 26, 25, 9, 7, 20, 10, 11, 33, 18, 21, 34, 24, 6, 16, 31, 40, 22, 23, 35, 13, 12, 8, 38, 5, 28, 29, 1, 2, 32, 36, 27]
[16, 8, 31, 21, 37, 18, 26, 11, 38, 15, 17, 13, 6, 28, 20, 39, 29, 2, 19, 27, 23, 10, 24, 9, 33, 40, 30, 36, 1, 5, 32, 35, 3, 22, 7, 34, 14, 12, 25, 4]
[18, 20, 33, 22, 1, 5, 32, 30, 38, 12, 8, 28, 40, 36, 16, 2, 4, 34, 3, 26, 27, 11, 13, 19, 39, 24, 21, 25, 17, 6, 31, 15, 29, 9, 35, 37, 23, 10, 7, 14]
[15, 8, 2, 37, 34, 20, 26, 12, 9, 17, 27, 21, 13, 31, 28, 30, 25, 35, 23, 11, 19, 16, 14, 40, 39, 18, 1, 22, 10, 32, 33, 24, 4, 36, 6, 7, 5, 38, 3, 29]
[33, 32, 40, 13, 24, 8, 26, 23, 37, 30, 36, 31, 5, 10, 9, 38, 28, 20, 14, 15, 22, 35, 7, 12, 21, 4, 18, 1, 25, 11, 27, 17, 19, 29, 3, 34, 16, 2, 39, 6]
[6, 18, 30, 17, 5, 23, 12, 33, 31, 32, 11, 3, 28, 15, 40, 16, 8, 26, 10, 37, 27, 21, 25, 7, 38, 14, 24, 34, 35, 20, 9, 39, 4, 36, 1, 2, 29, 19, 22, 13]
[22, 5, 20, 35, 36, 37, 7, 3, 15, 26, 33, 40, 21, 19, 25, 17, 29, 28, 24, 6, 32, 30, 9, 10, 34, 1, 16, 12, 18, 27, 14, 23, 2, 38, 8, 4, 39, 11, 13, 31]
[37, 8, 27, 39, 26, 14, 19, 16, 18, 33, 32, 20, 13, 34, 5, 12, 29, 22, 17, 36, 28, 11, 23, 9, 30, 24, 31, 6, 7, 4, 3, 40, 21, 15, 1, 35, 10, 25, 2, 38]
[2, 14, 1, 35, 33, 31, 9, 13, 17, 22, 37, 15, 23, 21, 27, 8, 26, 32, 19, 39, 36, 6, 38, 24, 10, 29, 30, 16, 7, 5, 11, 20, 3, 12, 40, 25, 4, 18, 34, 28]
[30, 16, 11, 6, 40, 18, 15, 22, 34, 2, 5, 38, 31, 28, 35, 12, 13, 21, 37, 19, 14, 7, 33, 32, 8, 20, 3, 26, 36, 9, 24, 27, 23, 1, 39, 4, 25, 29, 17, 10]
[34, 26, 22, 3, 30, 31, 35, 28, 25, 23, 19, 17, 9, 14, 7, 20, 29, 39, 38, 11, 16, 15, 4, 24, 40, 10, 27, 37, 13, 6, 21, 36, 5, 12, 32, 2, 33, 1, 8, 18]
Le stage numéro 2 est attribué à l'étudiant numéro 32
Le stage numéro 4 est attribué à l'étudiant numéro 26
Le stage numéro 6 est attribué à l'étudiant numéro 22
Le stage numéro 10 est attribué à l'étudiant numéro 23
Le stage numéro 14 est attribué à l'étudiant numéro 15
Le stage numéro 15 est attribué à l'étudiant numéro 11
Le stage numéro 16 est attribué à l'étudiant numéro 13
Le stage numéro 18 est attribué à l'étudiant numéro 6
Le stage numéro 23 est attribué à l'étudiant numéro 14
Le stage numéro 24 est attribué à l'étudiant numéro 18
Le stage numéro 25 est attribué à l'étudiant numéro 30
Le stage numéro 26 est attribué à l'étudiant numéro 27
Le stage numéro 27 est attribué à l'étudiant numéro 28
Le stage numéro 28 est attribué à l'étudiant numéro 25
Le stage numéro 29 est attribué à l'étudiant numéro 8
Le stage numéro 31 est attribué à l'étudiant numéro 4
Le stage numéro 33 est attribué à l'étudiant numéro 33
Le stage numéro 34 est attribué à l'étudiant numéro 29
Le stage numéro 35 est attribué à l'étudiant numéro 21
Le stage numéro 36 est attribué à l'étudiant numéro 9
Le stage numéro 37 est attribué à l'étudiant numéro 34
Le stage numéro 1 est attribué à l'étudiant numéro 3
Le stage numéro 13 est attribué à l'étudiant numéro 20
Le stage numéro 20 est attribué à l'étudiant numéro 10
Le stage numéro 22 est attribué à l'étudiant numéro 0
Le stage numéro 30 est attribué à l'étudiant numéro 2
Le stage numéro 38 est attribué à l'étudiant numéro 31
Le stage numéro 0 est attribué à l'étudiant numéro 24
Le stage numéro 7 est attribué à l'étudiant numéro 5
Le stage numéro 9 est attribué à l'étudiant numéro 7
Le stage numéro 19 est attribué à l'étudiant numéro 12
Le stage numéro 32 est attribué à l'étudiant numéro 1
Le stage numéro 12 est attribué à l'étudiant numéro 16
Le stage numéro 11 est attribué à l'étudiant numéro 19
Le stage numéro 39 est attribué à l'étudiant numéro 17
[2, 4, 6, 10, 14, 15, 16, 18, 23, 24, 25, 26, 27, 28, 29, 31, 33, 34, 35, 36, 37, 1, 13, 20, 22, 30, 38, 0, 7, 9, 19, 32, 12, 11, 39]
[32, 26, 22, 23, 15, 11, 13, 6, 14, 18, 30, 27, 28, 25, 8, 4, 33, 29, 21, 9, 34, 3, 20, 10, 0, 2, 31, 24, 5, 7, 12, 1, 16, 19, 17]
francoisozon@MacBook-Pro-2 Desktop % 
